
17061 
27634 
1472 
2214 
6837 
12593 
28917 
11380 
15424 
28145 
32209 
18120 
3024 
32740 
12627 
11891 
4989 
23823 
11386 
14152 
29539 
4720 
16473 
17883 
13907 
5605 
2158 
20616 
24265 
28489 
32560 
29111 
16414 
31968 
16615 
28511 
30719 
22261 
28864 
23497 
7198 
5825 
29729 
13207 
28711 
1167 
30778 
7428 
14326 
28958 
30173 
11373 
31239 
15943 
10127 
21009 
17966 
23263 
9695 
21781 
21640 
13791 
7670 
32715 
4273 
27842 
22128 
24883 
25911 
14639 
30314 
18370 
23375 
25048 
17116 
22883 
25287 
12962 
17962 
27836 
22076 
16390 
5621 
1970 
3981 
31159 
11063 
10031 
8335 
20613 
143 
13346 
1027 
29569 
27353 
18888 
23237 
26722 
24578 
12587 
2374 
807 
8218 
13800 
18747 
254 
29867 
14388 
919 
19045 
31306 
8225 
1719 
8335 
10347 
5662 
27869 
14857 
2938 
9405 
18144 
4765 
25895 
10170 
24354 
29303 
9985 
11320 
10433 
28806 
31558 
9805 
12050 
29733 
20473 
8129 
6475 
31227 
6198 
17427 
5759 
8223 
14275 
28093 
17872 
15744 
19687 
6329 
28384 
2181 
19583 
24132 
7816 
4336 
9294 
24034 
31693 
4360 
22421 
14242 
26895 
23031 
18915 
31651 
17796 
24433 
11311 
13015 
25317 
9878 
16420 
25863 
871 
7194 
26044 
16408 
29677 
5539 
10000 
17548 
5756 
626 
13935 
6988 
28911 
3910 
4781 
30884 
5100 
16765 
17853 
12431 
28182 
19837 
29058 
24629 
24452 
11346 
7907 
20658 
8563 
13464 
798 
30489 
22071 
15004 
12126 
13752 
21880 
31678 
24207 
17054 
2202 
22810 
21873 
22363 
27517 
9575 
2283 
3591 
1383 
2590 
32419 
3974 
28222 
18399 
7115 
30473 
13307 
22034 
22078 
3800 
13403 
9674 
31691 
19024 
16087 
3054 
976 
8487 
4823 
5786 
7947 
12280 
3619 
20931 
31150 
16891 
8090 
16154 
25521 
10259 
21030 
1331 
21356 
271 
1007 
6631 
30309 
22313 
7631 
27639 
17511 
14035 
24327 
20465 
18644 
8884 
4400 
13400 
5691 
2285 
14452 
24831 
6189 
7584 
5117 
17846 
14157 
16051 
686 
7208 
935 
17617 
8209 
24836 
22851 
26034 
11665 
26715 
13049 
2973 
7146 
4426 
8070 
17963 
18653 
23768 
3296 
14413 
17704 
27681 
24007 
10128 
14005 
10677 
32157 
4256 
11026 
8763 
26231 
25867 
28193 
20570 
19828 
22088 
14609 
24537 
26958 
20984 
19852 
11268 
1838 
4971 
20786 
32082 
25029 
28262 
32071 
19014 
28312 
14116 
30376 
32659 
5531 
27546 
25092 
4995 
1794 
512 
2120 
26777 
9044 
140 
8027 
17270 
10689 
17025 
2828 
22521 
8373 
3688 
10825 
12714 
11437 
24989 
1169 
31577 
18762 
5390 
27563 
27138 
6307 
16192 
26009 
20212 
15584 
30611 
29384 
5426 
28677 
24262 
1161 
11802 
19979 
4285 
14277 
12612 
1333 
25474 
10219 
13229 
24737 
6027 
28206 
6677 
24862 
23867 
8430 
27301 
22589 
21418 
26483 
25045 
14763 
25769 
30177 
20109 
5821 
8705 
1384 
31114 
30797 
2044 
7356 
7172 
2757 
18727 
15557 
10638 
20601 
1877 
17815 
28989 
20026 
7655 
10148 
23052 
26151 
24907 
13616 
15999 
21703 
30659 
10246 
11143 
1109 
12136 
12138 
1702 
10843 
30062 
6734 
24403 
25475 
21161 
29129 
28576 
16809 
4432 
6084 
4122 
52 
28674 
15863 
8945 
21159 
1542 
18708 
14937 
371 
15575 
29761 
32303 
18704 
736 
18636 
5344 
12107 
7044 
15898 
4999 
17122 
12385 
5601 
14677 
31054 
2006 
18583 
31286 
7904 
1218 
5675 
7345 
3343 
21391 
3826 
28432 
6929 
26736 
10468 
22466 
31912 
13030 
13576 
17661 
831 
10889 
18733 
16296 
30005 
6405 
29147 
9591 
28537 
17763 
16521 
20056 
1367 
25738 
2576 
8462 
4753 
29445 
26976 
23323 
29618 
23558 
23154 
4068 
6303 
4523 
382 
8976 
9583 
31361 
29293 
16945 
5500 
22599 
3217 
8614 
5306 
3060 
16020 
192 
840 
23291 
18094 
14627 
22341 
6605 
17179 
23919 
20709 
24479 
9933 
11040 
13508 
10094 
26206 
21427 
122 
577 
29000 
24843 
19823 
16047 
19288 
14610 
22001 
10656 
23136 
1187 
20611 
19544 
15405 
32168 
5496 
19377 
14520 
26751 
17089 
19623 
9376 
15523 
20996 
538 
18392 
16520 
21742 
18384 
7325 
7366 
19401 
28346 
31404 
10874 
19025 
7800 
689 
233 
24259 
28702 
24066 
1639 
28472 
9785 
9869 
2168 
305 
9741 
2832 
7988 
8051 
5665 
904 
24560 
21013 
17918 
10731 
8986 
23767 
17203 
2841 
24933 
14261 
16284 
1040 
27686 
30140 
11492 
32608 
1278 
3613 
12617 
9952 
6330 
15232 
22943 
23966 
8567 
26010 
11416 
5660 
29706 
18690 
834 
22713 
31903 
20800 
19153 
3693 
11935 
22823 
5023 
25529 
11224 
17766 
4465 
22494 
26328 
11609 
28924 
19534 
17561 
1573 
9896 
10336 
356 
1027 
6803 
25927 
23791 
9692 
21977 
5701 
20937 
7959 
5395 
16668 
23543 
5039 
25629 
6854 
4832 
23176 
10013 
31845 
6758 
14851 
13504 
9341 
12118 
21200 
26055 
6241 
21250 
11523 
15811 
14827 
23084 
7018 
4380 
25968 
25382 
26910 
19544 
11251 
30520 
1369 
16538 
32153 
23362 
8583 
6505 
22621 
21410 
30112 
24499 
20229 
24408 
7860 
11794 
31829 
11880 
19400 
31309 
13954 
22400 
11488 
6178 
5866 
4315 
22621 
22851 
10753 
28773 
6793 
28318 
23439 
30496 
25457 
28385 
29465 
27590 
18163 
9790 
13468 
18608 
17175 
4972 
31106 
16630 
16547 
13806 
21966 
8408 
489 
4503 
7578 
3421 
29668 
2894 
24259 
26425 
5507 
783 
8931 
21748 
26949 
20274 
3455 
14409 
9478 
31984 
10882 
4813 
5145 
31267 
234 
7633 
24470 
3149 
15810 
6536 
12533 
14556 
2896 
5997 
25308 
684 
26767 
17375 
13366 
8398 
5344 
29454 
12677 
4744 
25596 
29979 
18553 
13468 
3629 
30075 
14785 
15309 
20670 
27037 
23841 
14496 
29359 
21196 
27589 
2144 
430 
22358 
17621 
22372 
23363 
30446 
24649 
6293 
22091 
24143 
25599 
5674 
8359 
7714 
3850 
32694 
9525 
18722 
28494 
6501 
3583 
15742 
5450 
28802 
14003 
7550 
14900 
14653 
9044 
15210 
3147 
14764 
20270 
31912 
5481 
26127 
26639 
30756 
28631 
4696 
18868 
21493 
15718 
23787 
19842 
9789 
5307 
13986 
17015 
23888 
22763 
11284 
8543 
29465 
12104 
21527 
20811 
28602 
1914 
1923 
4159 
32627 
27089 
17977 
21547 
8133 
32729 
28004 
14364 
10199 
2863 
8959 
18868 
12312 
16020 
6808 
19160 
7462 
11584 
5971 
15272 
20975 
17528 
20273 
16564 
19734 
867 
5010 
14700 
13720 
25882 
25337 
6873 
6831 
12542 
18448 
25227 
27382 
9550 
10732 
13779 
26318 
12281 
29073 
306 
4609 
10672 
10425 
11280 
26790 
18240 
30161 
13489 
23365 
13599 
6469 
18534 
22075 
4420 
20477 
11264 
22623 
14140 
16168 
2186 
23781 
4731 
19768 
28728 
7299 
27376 
3117 
12186 
27091 
24540 
6423 
16149 
11513 
1251 
5334 
26772 
17029 
21860 
6693 
30075 
16795 
29190 
21719 
30941 
27985 
23699 
7775 
2542 
21848 
9738 
17302 
699 
27103 
17135 
22457 
5912 
1716 
31206 
14513 
22490 
14764 
8320 
10392 
30279 
18502 
6741 
8312 
23499 
14475 
20051 
16470 
27117 
24888 
1621 
111 
30336 
17695 
27895 
1985 
22558 
15819 
7593 
19405 
5842 
14691 
31491 
23964 
5397 
4048 
16217 
2048 
17660 
13090 
31630 
8988 
15791 
16176 
30765 
16678 
17693 
11391 
11445 
6252 
8686 
10854 
16693 
20117 
18873 
25711 
19993 
2346 
16248 
14079 
20036 
26453 
13881 
5946 
30559 
18664 
19478 
12833 
27760 
1696 
29030 
1789 
32430 
32684 
20533 
257 
28820 
8297 
18418 
21547 
28468 
18032 
20840 
8555 
13774 
9682 
24304 
9735 
4001 
5026 
3300 
31294 
11265 
22964 
13910 
9004 
30890 
30629 
16898 
31725 
30292 
29979 
15234 
14853 
15239 
10574 
3265 
4351 
6577 
7112 
27570 
14677 
6262 
25193 
20546 
24208 
15175 
8365 
1675 
14512 
17718 
3122 
12618 
21710 
28424 
6772 
20627 
20736 
17292 
15323 
8387 
3965 
5676 
18425 
26039 
9474 
18370 
32524 
30267 
1652 
19885 
17611 
7109 
14790 
12067 
30815 
6756 
3613 
27848 
3503 
29939 
7986 
1664 
19424 
16786 
10232 
4994 
21788 
8791 
26752 
8367 
23443 
13888 
8985 
18721 
10176 
5740 
29883 
15622 
21486 
13195 
3238 
10927 
24826 
10132 
1862 
15844 
2138 
20406 
28762 
10619 
28510 
17040 
12373 
28457 
8118 
30372 
26884 
22935 
26933 
11529 
1394 
23736 
4309 
29793 
265 
20571 
28922 
22539 
10745 
14588 
28411 
3994 
25310 
4832 
27102 
17029 
10141 
21345 
1635 
13343 
22926 
5254 
31813 
27594 
5857 
7894 
18620 
11624 
8506 
17774 
27206 
22035 
6047 
18514 
2471 
28942 
1940 
12545 
13358 
6395 
6532 
23884 
2875 
31054 
23651 
11367 
3326 
1025 
29842 
577 
23169 
12170 
12803 
5393 
7913 
20746 
20893 
14641 
31737 
26311 
28130 
7984 
8151 
26332 
25295 
14371 
26643 
26159 
10499 
13371 
13797 
11172 
27684 
20381 
22454 
912 
24703 
24941 
11234 
26481 
7150 
24876 
24765 
19932 
30207 
22085 
30164 
14006 
13138 
26082 
25205 
18343 
67 
29444 
1393 
3276 
32457 
1235 
16928 
12716 
27550 
26419 
28326 
18030 
7841 
14743 
30581 
25929 
27256 
24602 
23571 
19515 
8057 
2764 
26910 
16126 
13771 
18249 
21389 
17720 
25288 
20625 
6456 
6386 
7590 
4371 
19099 
22859 
22359 
2827 
8662 
21869 
27053 
6926 
2809 
961 
450 
18659 
383 
31071 
2455 
6805 
26392 
30153 
21755 
7622 
14252 
22232 
5551 
6982 
16028 
2294 
23239 
10469 
12619 
18318 
8019 
3461 
21213 
16833 
11327 
11123 
1342 
30555 
20856 
25847 
27494 
25093 
14928 
12073 
220 
16060 
24868 
18183 
19065 
2945 
26172 
15557 
1135 
3410 
19954 
18788 
29066 
29274 
27159 
8838 
12213 
25701 
29330 
16513 
13759 
8086 
4426 
19122 
24159 
24924 
25927 
7700 
9334 
17314 
16660 
8720 
29845 
22598 
10343 
24471 
14271 
6349 
20739 
3695 
31600 
32341 
10974 
3274 
23261 
21962 
13183 
29981 
3454 
9309 
6315 
17967 
16074 
12338 
28224 
20849 
4930 
345 
31585 
25485 
32432 
28416 
25299 
23361 
20401 
3303 
10919 
8814 
5233 
3348 
26394 
15724 
15542 
27079 
3257 
25761 
7456 
27568 
11721 
23634 
14255 
24672 
9957 
32440 
28037 
5374 
32489 
11351 
32237 
26939 
32271 
5771 
30365 
3719 
16472 
6244 
31032 
18310 
18222 
4531 
31255 
15293 
20039 
30821 
23625 
13202 
26572 
5136 
3800 
20595 
9147 
6092 
3918 
5461 
18058 
3652 
30072 
21344 
21261 
19469 
27754 
20200 
27545 
23606 
15555 
12448 
20074 
6944 
19507 
5898 
28994 
29583 
13882 
23602 
83 
29186 
25138 
25500 
17503 
8768 
14991 
1147 
13342 
27444 
26982 
25635 
13536 
23802 
15916 
21697 
20083 
9530 
8385 
3146 
22087 
7605 
13740 
18353 
21968 
10525 
6057 
11869 
12332 
21034 
19041 
2522 
19206 
24810 
19064 
9679 
16058 
23129 
24268 
27696 
20921 
7729 
3836 
4532 
17200 
5891 
25384 
26250 
10468 
12423 
20728 
8008 
25696 
2097 
31200 
10788 
29523 
3076 
7842 
25702 
7988 
31659 
27668 
17437 
20519 
32710 
1315 
18961 
1828 
19330 
28184 
20474 
17238 
31852 
15642 
1775 
22209 
11399 
13300 
14881 
28200 
27291 
10009 
10697 
20526 
3281 
21989 
4703 
6075 
4477 
6182 
13325 
28065 
571 
1243 
28259 
1408 
3389 
30268 
17484 
25063 
18659 
3834 
23617 
9147 
21900 
9415 
20668 
26845 
20909 
13337 
25840 
32263 
21536 
16683 
29111 
26615 
24766 
19013 
7884 
2000 
2863 
12094 
15418 
24253 
15361 
12863 
20500 
13527 
19448 
30153 
11367 
10057 
27045 
7162 
8557 
25009 
32058 
27404 
8195 
1738 
32413 
6942 
24669 
3145 
29115 
12599 
24825 
3588 
32031 
2952 
20945 
23641 
20163 
753 
16341 
18894 
17190 
17863 
5272 
31733 
670 
20437 
15946 
17299 
2288 
9120 
5094 
16384 
19230 
10480 
18860 
20945 
28544 
21643 
2514 
8373 
19478 
32068 
1399 
14493 
7965 
564 
4568 
544 
13792 
9800 
9670 
6685 
30161 
17660 
19288 
19618 
31704 
17509 
23005 
14092 
17899 
26741 
3092 
21872 
6879 
27515 
18080 
32570 
9342 
32745 
8886 
5908 
28633 
8026 
4377 
29194 
18400 
19155 
10568 
14827 
7727 
8265 
30965 
20210 
30251 
26980 
26554 
27813 
1614 
1923 
776 
5630 
959 
24832 
18016 
3273 
19494 
13237 
13253 
22605 
25022 
28863 
20593 
7982 
28076 
1409 
22983 
22674 
15503 
13804 
18057 
6275 
26968 
27646 
26699 
31637 
10844 
8329 
16679 
30152 
29863 
16694 
25011 
2223 
27027 
14281 
25392 
9426 
17050 
30375 
20996 
14930 
12137 
11925 
7275 
15563 
23093 
4546 
22889 
7806 
1618 
18440 
31747 
1712 
32002 
30831 
18094 
18253 
15499 
3059 
4872 
21969 
7564 
3463 
16838 
19304 
25232 
19289 
26349 
12372 
26084 
7512 
1606 
5776 
22950 
29940 
29707 
18355 
19999 
6692 
11751 
2582 
29267 
14766 
16414 
16697 
17109 
10403 
2823 
28003 
6880 
296 
31939 
20105 
23460 
31868 
4905 
11889 
7646 
11831 
14848 
5656 
8619 
1232 
22897 
29264 
28830 
13154 
10427 
27565 
26128 
26800 
6441 
30114 
4535 
30566 
27970 
22760 
10363 
21410 
20543 
15647 
30596 
2482 
450 
30136 
3480 
4640 
27076 
5650 
3748 
9963 
10447 
4323 
26008 
32280 
30830 
26330 
18552 
3433 
28643 
10371 
17072 
15213 
279 
20330 
14761 
8633 
16855 
12931 
8089 
17524 
21820 
6601 
18591 
25369 
2411 
13606 
5647 
18040 
32127 
31379 
27659 
12286 
25540 
12160 
9555 
20023 
13350 
8566 
31069 
23185 
25321 
20987 
2217 
17507 
28570 
6582 
847 
3373 
24645 
1747 
7642 
14882 
31976 
31401 
18520 
32483 
24360 
19098 
23474 
1422 
10819 
26683 
12602 
30711 
32582 
21685 
22659 
11829 
384 
25452 
24437 
9825 
32566 
4062 
24736 
10650 
4760 
27341 
19409 
16972 
20212 
25248 
7395 
26546 
20010 
27399 
29912 
666 
12896 
18398 
18729 
12137 
28662 
32596 
7513 
24926 
29628 
14156 
31440 
19227 
31075 
515 
6887 
12385 
9778 
24051 
30528 
1307 
15354 
27896 
13400 
32158 
30796 
9906 
6751 
29743 
29673 
2602 
4167 
18373 
5754 
4792 
19739 
6161 
29314 
29732 
13202 
700 
7568 
25099 
3044 
17904 
22713 
26244 
4060 
27673 
7493 
3076 
32046 
25837 
25001 
24191 
8716 
12202 
10934 
2000 
6132 
31390 
15631 
2907 
8396 
23533 
736 
25841 
23088 
1935 
31181 
3828 
15115 
9880 
15657 
13243 
3940 
13244 
105 
3639 
26235 
274 
3544 
15831 
10005 
19224 
7564 
4522 
15892 
31992 
6296 
3780 
6986 
2569 
7299 
13794 
28815 
153 
21241 
19537 
26385 
14826 
29121 
11275 
16108 
19322 
30447 
24356 
3323 
7559 
30043 
2660 
2797 
19155 
1361 
27446 
11675 
11685 
11658 
27840 
30104 
15888 
22619 
6228 
11786 
9591 
10541 
25863 
3513 
11089 
17965 
10911 
28262 
24362 
27205 
15283 
3678 
9194 
21322 
27405 
4175 
90 
24695 
83 
11609 
22756 
29978 
24551 
19816 
30363 
29581 
27147 
31170 
32635 
25704 
21833 
24028 
17393 
7669 
2066 
19058 
1438 
32740 
13733 
28374 
7000 
5952 
16946 
15497 
5745 
16034 
12863 
10504 
19772 
3749 
10572 
16872 
28366 
12953 
15282 
18213 
1026 
30076 
6097 
16312 
448 
6950 
19050 
15463 
20606 
22979 
8778 
15585 
27910 
1926 
30505 
27402 
1658 
20636 
22481 
8340 
15766 
2399 
25475 
27343 
26934 
28877 
21142 
194 
1048 
30520 
29281 
24442 
10210 
23870 
6235 
162 
14695 
16124 
20609 
24404 
10790 
24447 
19192 
16175 
29459 
18555 
19700 
27050 
11419 
4672 
10456 
21927 
26594 
26601 
415 
27980 
11599 
7127 
23930 
26126 
17482 
24670 
19386 
24334 
10308 
30909 
8689 
14761 
20216 
30292 
5204 
24650 
9201 
22033 
11620 
28547 
23885 
4652 
26830 
30045 
3520 
31764 
30095 
15084 
6108 
29353 
25435 
19494 
26255 
18603 
16192 
12789 
3821 
28530 
25479 
4746 
16175 
14816 
32475 
11253 
7932 
19349 
5805 
23794 
1256 
2145 
2262 
12294 
9531 
6143 
20606 
7371 
7667 
20992 
4669 
29576 
1036 
9733 
13185 
9989 
22014 
21553 
304 
26782 
30600 
2526 
10638 
19093 
6828 
13967 
3424 
23725 
14843 
11558 
11346 
30452 
2066 
25944 
12438 
9952 
30821 
29021 
24014 
29341 
17723 
31724 
26412 
26278 
5882 
25190 
28887 
8595 
12453 
16210 
16529 
21041 
17827 
30985 
24984 
23512 
23746 
10418 
16329 
5369 
25723 
28017 
32267 
21495 
23672 
32732 
3051 
15928 
14419 
6575 
16004 
3451 
24481 
1472 
28834 
16236 
28463 
27701 
28199 
25461 
8075 
12020 
11949 
31448 
29894 
27227 
9068 
7931 
7033 
28210 
7262 
25090 
5894 
17117 
2210 
7587 
9504 
3798 
5663 
9270 
31374 
28763 
29801 
2060 
15659 
8036 
16104 
27906 
24370 
27608 
21047 
6230 
16312 
27648 
4298 
12985 
13434 
28476 
23252 
28837 
24793 
2293 
15719 
5360 
32291 
18386 
7389 
418 
30996 
27951 
24184 
19204 
2205 
14539 
21829 
249 
8675 
7360 
30278 
8849 
28043 
28089 
6095 
28636 
8757 
25439 
16433 
3580 
26694 
32020 
18326 
12670 
10987 
7908 
20780 
17131 
31323 
31416 
24454 
12697 
25436 
6605 
2111 
26823 
24584 
6757 
2784 
6889 
17873 
30141 
20227 
22337 
21699 
25150 
3513 
7599 
19465 
9719 
10794 
25802 
10163 
27979 
32123 
17967 
27574 
31207 
6645 
17690 
8244 
15864 
18787 
25395 
25342 
14234 
19131 
30634 
12888 
8339 
4865 
31877 
21756 
17985 
5481 
17977 
865 
7633 
22204 
22904 
13884 
26802 
20476 
21323 
15944 
32073 
25675 
5984 
2370 
2023 
28169 
14501 
14392 
22520 
10045 
20502 
27396 
3453 
28982 
13778 
25876 
15036 
16242 
20597 
28524 
20021 
10686 
28322 
7149 
22745 
27039 
24287 
19927 
1143 
18161 
14758 
11149 
20087 
14286 
4536 
23960 
23242 
14257 
32437 
16111 
29473 
6619 
13802 
25205 
1629 
23286 
9578 
4548 
15431 
13817 
17760 
10537 
29058 
75 
5027 
29935 
12222 
4395 
28043 
29665 
30253 
14415 
15364 
8970 
26171 
1995 
9696 
14015 
10362 
30005 
15474 
25824 
7643 
5639 
22104 
9306 
12580 
31556 
3224 
1520 
23710 
28767 
3567 
2620 
14350 
8536 
15461 
6384 
8935 
27688 
18725 
32098 
24254 
24927 
17036 
3144 
11774 
14348 
18560 
22207 
19165 
14557 
23299 
3731 
19087 
25735 
30471 
32698 
16569 
22888 
30084 
17185 
14120 
15467 
24777 
3756 
19907 
10541 
13328 
18040 
5822 
27998 
14676 
13155 
785 
4969 
31079 
718 
29481 
87 
29247 
29601 
16349 
10480 
1936 
21648 
20387 
8740 
24993 
14237 
3076 
4266 
11864 
32478 
19277 
15335 
30870 
9857 
648 
18449 
2507 
28685 
21418 
23444 
2497 
21226 
19470 
13237 
20668 
22052 
26402 
27765 
8133 
14188 
10593 
32696 
13123 
864 
26497 
16294 
25547 
780 
3565 
20562 
18745 
8880 
31861 
25753 
5120 
13763 
19012 
16974 
4286 
15417 
1555 
20884 
2580 
3330 
18077 
15242 
31924 
2515 
8019 
23598 
20923 
16424 
19792 
2939 
4930 
7050 
12431 
469 
20271 
3341 
25948 
23463 
7249 
19486 
4616 
75 
30125 
5243 
15585 
28714 
24594 
1411 
15969 
15908 
3572 
1712 
9126 
14386 
30071 
21858 
5410 
841 
3273 
8158 
5524 
11906 
8373 
20886 
11575 
377 
31093 
29867 
21817 
2546 
16840 
19632 
14190 
11459 
25669 
3761 
5702 
15854 
21231 
23155 
28925 
25613 
27913 
22782 
14353 
19187 
30508 
9305 
9721 
27024 
22934 
23701 
4116 
24341 
6341 
3596 
17376 
11097 
15429 
19691 
17516 
18043 
6086 
10734 
31760 
23498 
10865 
25707 
13915 
11233 
2172 
32146 
30285 
23062 
764 
4339 
31942 
10518 
507 
5697 
4927 
27337 
17611 
28757 
28344 
10108 
31897 
28021 
16113 
16446 
30021 
7383 
15837 
4234 
16498 
7521 
21332 
21287 
5849 
18867 
8456 
20045 
25570 
25959 
2746 
2825 
12149 
12183 
3758 
7138 
23053 
32416 
604 
14013 
24335 
18726 
1896 
9726 
4443 
16473 
19668 
21744 
1568 
24438 
28789 
31591 
8692 
5264 
5283 
11428 
31780 
26256 
32309 
19832 
3144 
15483 
20141 
13741 
22043 
10739 
11951 
161 
1930 
25857 
31928 
20788 
15627 
18705 
21516 
3300 
24624 
2878 
32752 
21047 
21628 
976 
12058 
11866 
26229 
12547 
31590 
22023 
12538 
22283 
6602 
26027 
27863 
24916 
18060 
27849 
24215 
26894 
16818 
18585 
22170 
1257 
28603 
4598 
30567 
17949 
29324 
8823 
13890 
1710 
20141 
29915 
18946 
27886 
28853 
25770 
31773 
18499 
9987 
4377 
4101 
11050 
25519 
26414 
13495 
26236 
23232 
5926 
13456 
18929 
20640 
30996 
22371 
19938 
11469 
9418 
10954 
2643 
9424 
16636 
9401 
7984 
4979 
19875 
21593 
29143 
20527 
28064 
5395 
25559 
6884 
29602 
30698 
26359 
28621 
13897 
22287 
4731 
22450 
28556 
18351 
7586 
2143 
11096 
24080 
25459 
26966 
2425 
30684 
21433 
20673 
22206 
189 
30029 
3242 
16728 
25897 
23955 
3182 
11396 
10112 
16711 
15983 
26474 
19284 
634 
30218 
19268 
2823 
24535 
28105 
1218 
2972 
10539 
14809 
3245 
711 
7461 
16062 
5068 
838 
21594 
69 
26116 
25460 
23947 
23738 
2242 
29212 
28459 
2140 
6302 
28043 
21020 
23822 
10808 
28905 
27066 
21071 
12902 
19401 
32026 
12652 
14738 
30718 
9619 
23028 
24157 
8624 
1662 
10861 
27528 
30128 
12859 
24901 
1301 
10761 
24693 
2572 
12457 
29912 
22950 
19168 
15669 
25949 
15325 
9768 
19925 
21329 
31935 
1157 
3065 
22650 
19659 
6917 
17602 
2174 
16355 
410 
30127 
23285 
24328 
3531 
3192 
31681 
1894 
17834 
24122 
30114 
14992 
32518 
6613 
27397 
17420 
32481 
14738 
20765 
22546 
11556 
14346 
24885 
3985 
12434 
3139 
13381 
25971 
1787 
12571 
15555 
6434 
28082 
15338 
4795 
6731 
11841 
18019 
17954 
25058 
9050 
12219 
11112 
23654 
2577 
30990 
22092 
18790 
29513 
16638 
14068 
13380 
26988 
8861 
3389 
27193 
7776 
31629 
9808 
4505 
13750 
23909 
6262 
18008 
32548 
11863 
28973 
24526 
13621 
15632 
2427 
17335 
5183 
19424 
29826 
27262 
23958 
22299 
15445 
30907 
6911 
6847 
24842 
4602 
13927 
6998 
19984 
18622 
14805 
13854 
14787 
20421 
19358 
31848 
9022 
20622 
15064 
24126 
25200 
2841 
12304 
26696 
32371 
8942 
22080 
6385 
15896 
15712 
4091 
4293 
9927 
21779 
3307 
8733 
23942 
26300 
21373 
1023 
7767 
23336 
4827 
11328 
15815 
21120 
20763 
5355 
26820 
13515 
18869 
28903 
5807 
11188 
4155 
5075 
25010 
27021 
19268 
4405 
14676 
24981 
7082 
22228 
9034 
21878 
1013 
18018 
32400 
23570 
25622 
4702 
31929 
17791 
23897 
25145 
17796 
80 
12949 
440 
30895 
25623 
30885 
8089 
528 
1320 
11036 
24441 
29665 
30111 
31029 
17141 
23388 
6052 
24329 
11792 
17288 
25837 
24325 
2772 
23122 
20357 
28570 
20541 
27615 
8140 
28982 
28754 
10273 
29632 
16500 
29077 
26280 
17274 
14480 
14237 
23739 
3835 
14877 
16130 
31144 
6441 
2554 
20601 
23896 
21525 
7298 
28480 
7462 
25215 
8451 
1725 
19185 
21148 
24945 
7010 
29296 
30231 
19036 
723 
198 
31573 
12064 
26443 
19031 
11261 
7772 
6716 
8921 
29880 
23205 
31285 
15278 
6709 
19323 
28681 
15473 
16241 
31355 
18222 
18895 
8501 
28887 
25955 
28312 
10976 
2308 
9621 
6933 
18534 
2226 
23044 
11933 
6553 
5889 
14754 
16227 
27303 
25330 
15547 
5266 
5604 
3611 
11483 
1692 
13002 
12192 
27629 
14798 
13886 
862 
13984 
26409 
26645 
6505 
26127 
10093 
20951 
6585 
29856 
29814 
2755 
28704 
18988 
21707 
1299 
29823 
4961 
25973 
16513 
25402 
10341 
13837 
1545 
14825 
18108 
11033 
4337 
19537 
8812 
23193 
18695 
9618 
4703 
5852 
29226 
2465 
23560 
7064 
29963 
11001 
25162 
4410 
9525 
26766 
15253 
23163 
10315 
10243 
29522 
24628 
25233 
8220 
31361 
20339 
3246 
10102 
2976 
32206 
22193 
23414 
1487 
26615 
15441 
13183 
819 
32401 
28281 
21608 
11928 
13634 
30212 
14381 
7258 
2058 
29637 
32228 
10885 
27347 
8650 
30195 
11323 
22345 
31201 
16001 
25686 
27883 
9564 
1066 
4943 
22370 
6674 
15095 
7263 
28434 
2214 
25485 
1507 
18416 
12 
12452 
22789 
8851 
27208 
8379 
9369 
29581 
18041 
24586 
10053 
29947 
17431 
1721 
25829 
30299 
9081 
1871 
11053 
24222 
32666 
24941 
18832 
5246 
25884 
27836 
97 
16658 
23181 
20516 
27449 
8352 
15850 
31039 
27288 
21938 
7009 
10253 
20687 
29292 
24923 
25321 
22045 
11292 
5562 
26299 
6168 
27923 
28767 
26480 
10318 
14516 
32496 
13479 
28205 
5578 
13784 
5805 
24608 
29471 
4751 
30636 
22523 
14922 
13083 
11551 
1689 
1224 
1751 
30089 
19139 
10062 
31859 
32359 
28500 
1886 
20796 
1635 
5275 
28441 
26013 
28618 
18689 
21332 
15078 
22336 
5356 
16365 
32333 
691 
32227 
24159 
17715 
15501 
17650 
19093 
24232 
28462 
25680 
10748 
24112 
5273 
4159 
14556 
17351 
20077 
16180 
16872 
25892 
14872 
32056 
13332 
31803 
21831 
3726 
19110 
32517 
1696 
9622 
31632 
9347 
7860 
12273 
8189 
15105 
25903 
32486 
2858 
13208 
1618 
20228 
887 
1782 
29860 
29449 
20926 
22370 
4836 
9731 
23267 
29690 
14913 
18613 
30636 
8511 
28878 
3644 
32467 
19156 
25648 
23539 
13658 
643 
31897 
24723 
6431 
28801 
7163 
9887 
14768 
6387 
23925 
9727 
4960 
6832 
26898 
6378 
8347 
19273 
12210 
6154 
5494 
21575 
9032 
16859 
31114 
13747 
16198 
29013 
5123 
20956 
30038 
18378 
24052 
26196 
21067 
3601 
28398 
5692 
28503 
12516 
6096 
27073 
894 
23687 
8160 
26343 
10570 
31658 
22555 
10118 
11457 
7569 
30922 
4241 
30100 
1906 
32086 
3742 
24985 
29983 
29277 
31651 
9083 
19684 
27141 
4606 
31153 
19123 
2705 
4281 
20908 
26238 
27442 
29963 
11093 
31205 
13087 
27938 
20662 
26897 
12007 
26655 
13815 
21216 
20486 
26467 
5517 
3138 
19127 
29961 
7342 
27363 
17930 
25523 
15368 
8970 
21046 
15242 
28850 
15553 
6448 
30848 
6499 
25654 
32125 
32217 
11234 
6497 
6980 
25321 
24253 
743 
24487 
32031 
6974 
26686 
10835 
19266 
19355 
5906 
11606 
9723 
22893 
14312 
32562 
22932 
28771 
22018 
4911 
3327 
22840 
7810 
3061 
6682 
226 
6866 
7257 
15153 
13 
27202 
27256 
12740 
14023 
16115 
10498 
19083 
20605 
8693 
23257 
25272 
17446 
17068 
29915 
21116 
9406 
21880 
20987 
24780 
22006 
17812 
11671 
9317 
31018 
15935 
6150 
30222 
9875 
20250 
6512 
22557 
18110 
12242 
30434 
30524 
8252 
26366 
19873 
10349 
28060 
22603 
30911 
2124 
3990 
32214 
29933 
8084 
12169 
20697 
13968 
12517 
26152 
9610 
9751 
5061 
14959 
32320 
13963 
16612 
3293 
6616 
19047 
29604 
17117 
16727 
23211 
1240 
18053 
6352 
5164 
25292 
11906 
30601 
24366 
19079 
8787 
2905 
1332 
9804 
20150 
19284 
26903 
13671 
32352 
32171 
1366 
24870 
10993 
21709 
9389 
25381 
6695 
26578 
2281 
8398 
23378 
2586 
29690 
24609 
14600 
17969 
18250 
14769 
29465 
32758 
11597 
27631 
21701 
509 
346 
29611 
31533 
31281 
27065 
3544 
24584 
10686 
22525 
1680 
31895 
19502 
25491 
31064 
6363 
31185 
12956 
26276 
6917 
2403 
25848 
17054 
27438 
13545 
13731 
24867 
16200 
1500 
17989 
25358 
25429 
19593 
18692 
2234 
20951 
9912 
31901 
3522 
12423 
22924 
11955 
29195 
1353 
682 
14439 
21509 
14176 
25757 
10536 
16429 
12510 
21114 
5068 
6615 
13407 
32447 
12768 
298 
15095 
12673 
20797 
23148 
28265 
10695 
16348 
23168 
5018 
11825 
10732 
15532 
31045 
4317 
7713 
1440 
16111 
10890 
11342 
30644 
2078 
4350 
21046 
7282 
28614 
3238 
10912 
1876 
20484 
4477 
4777 
13774 
12814 
16174 
14686 
12431 
31339 
11389 
19850 
20997 
9567 
483 
15821 
22047 
10154 
10104 
16110 
5974 
18290 
2583 
3186 
7406 
381 
15292 
5998 
24185 
20131 
29488 
6041 
24734 
23939 
12009 
12965 
3864 
5238 
32555 
11728 
30721 
28609 
15220 
23990 
19537 
4111 
10007 
18537 
18850 
3358 
18727 
11715 
28982 
24760 
31638 
27131 
12346 
32229 
30110 
26231 
23884 
26719 
21856 
3297 
12092 
24646 
27852 
28797 
4367 
30229 
21952 
8634 
30538 
6869 
4468 
24583 
6765 
144 
14101 
7655 
15037 
24329 
30128 
2888 
20806 
28842 
27986 
6673 
21025 
15294 
9070 
12538 
25587 
31712 
5758 
160 
12470 
16307 
13549 
11993 
13244 
3796 
15157 
19524 
10480 
11277 
15685 
18469 
352 
18380 
24357 
22128 
248 
14035 
220 
31780 
27024 
304 
24978 
13786 
22314 
23920 
32242 
27806 
12660 
27664 
11730 
11517 
22165 
18228 
17686 
21599 
25381 
15003 
15313 
10392 
15229 
14291 
8622 
3513 
14898 
23209 
24719 
20012 
10204 
4580 
4723 
10496 
24604 
16435 
28317 
6785 
18397 
26979 
4595 
4876 
30937 
16341 
9892 
4129 
18015 
9776 
12045 
19386 
32596 
31059 
30686 
30171 
4473 
13966 
30072 
11371 
29163 
21009 
4250 
9538 
28400 
20900 
9789 
16003 
20208 
32665 
16060 
26924 
24770 
18943 
16440 
8683 
24874 
8729 
8251 
27700 
22943 
28687 
22683 
912 
23633 
28386 
9122 
14136 
16746 
1189 
17259 
9186 
18836 
27371 
22671 
16347 
18876 
15228 
3074 
27990 
17430 
13644 
4151 
1796 
4706 
19885 
15755 
6884 
1389 
25027 
19936 
18269 
7642 
7224 
31624 
28298 
16930 
25394 
1894 
13269 
5594 
25218 
27215 
30663 
22069 
1567 
13750 
17950 
24521 
30930 
26505 
27168 
16790 
31538 
13654 
7472 
324 
9939 
4786 
927 
29868 
29115 
30427 
27588 
21658 
1557 
9628 
847 
27857 
16938 
32625 
30426 
3408 
29836 
7404 
12225 
8404 
10388 
14679 
9268 
3230 
5903 
12443 
28042 
15734 
3893 
5217 
6360 
1520 
27611 
7286 
26051 
12782 
26857 
30324 
26514 
29542 
27917 
14495 
15496 
3174 
7089 
31757 
20336 
23125 
17195 
25098 
22393 
9851 
31540 
2234 
2628 
24516 
1948 
13056 
13372 
8640 
21308 
10143 
11046 
11503 
5931 
2975 
20216 
13372 
565 
15347 
3311 
9159 
29832 
27224 
6364 
17639 
9137 
384 
20671 
25456 
15047 
5232 
32406 
22577 
19174 
23847 
27767 
7361 
8159 
3712 
32477 
19580 
19758 
32089 
18752 
14024 
1837 
25845 
20712 
26269 
7303 
19103 
29186 
17220 
9198 
17552 
6900 
11870 
12817 
10259 
20974 
17193 
11208 
25319 
14529 
6911 
2194 
997 
757 
15135 
6466 
14050 
4629 
4016 
9973 
14295 
11342 
6147 
32327 
320 
313 
10265 
15047 
14785 
28916 
25445 
26280 
9487 
18807 
21714 
17081 
7182 
28197 
18440 
19095 
20535 
7586 
18411 
18720 
24125 
18917 
26213 
4396 
29680 
13966 
12646 
11896 
3425 
20857 
31017 
8931 
3399 
31123 
19384 
989 
13473 
10220 
18866 
3100 
15773 
12046 
14412 
30096 
7609 
1166 
29846 
12186 
13096 
18656 
11264 
17785 
24951 
367 
32284 
2309 
24944 
14573 
27557 
21919 
18495 
31208 
14017 
32616 
2515 
22431 
6275 
17073 
31367 
30995 
28596 
18355 
5122 
23137 
19667 
3712 
347 
14414 
32602 
22330 
13953 
23076 
2115 
23171 
5851 
11709 
5579 
26164 
28459 
27101 
27766 
12882 
18104 
10949 
24915 
574 
19372 
15620 
18817 
26155 
24251 
2705 
754 
12501 
517 
24087 
31343 
30065 
12094 
28816 
21212 
8671 
22796 
29973 
4542 
2343 
7088 
5876 
29946 
29219 
24809 
7684 
21983 
32377 
31509 
11573 
15719 
32205 
31642 
20331 
3514 
308 
18564 
18061 
25844 
17131 
13680 
20696 
7464 
13897 
9128 
22650 
3493 
21490 
28047 
16732 
29048 
30286 
8512 
18751 
5938 
23097 
20082 
11786 
15851 
6140 
27551 
3682 
17286 
10364 
5733 
14460 
2103 
19122 
13100 
23343 
11075 
23899 
12297 
19790 
1287 
241 
28386 
24372 
572 
5593 
6867 
27296 
17529 
27358 
27857 
5316 
11257 
12254 
9101 
30360 
11935 
195 
12955 
8052 
8247 
7349 
27860 
9694 
20479 
7567 
11769 
15009 
8038 
17295 
18329 
29215 
30227 
10577 
13620 
14311 
14121 
29694 
23456 
8330 
7114 
21441 
22444 
3499 
5850 
26746 
8196 
22614 
9733 
24247 
32340 
30099 
13315 
22752 
9136 
18746 
28698 
30897 
23604 
6920 
16101 
7405 
9703 
25075 
10325 
10065 
12005 
22971 
26357 
24263 
32446 
5826 
31858 
16861 
20249 
3101 
28506 
23925 
22429 
14315 
5668 
31678 
4369 
27109 
4977 
16227 
13249 
22583 
26513 
32514 
29988 
30351 
15177 
29919 
18621 
17267 
18387 
5850 
10303 
32727 
39 
10910 
9972 
1263 
24441 
27164 
21599 
11330 
259 
19512 
12833 
32256 
25860 
17857 
16665 
6549 
1801 
5799 
27087 
3198 
10603 
30568 
17427 
2907 
31257 
15052 
481 
16710 
29847 
14290 
392 
10596 
9543 
4074 
19211 
9913 
12776 
9572 
31944 
20033 
19292 
22057 
27479 
5948 
27822 
20137 
30901 
26057 
2899 
2324 
26274 
9142 
7344 
19661 
10311 
23447 
5341 
16924 
30492 
2581 
17065 
28195 
12041 
6537 
11486 
11027 
13772 
15306 
21702 
28831 
29082 
5698 
493 
177 
4873 
29768 
31529 
19548 
13869 
29610 
20696 
9491 
7937 
24456 
7273 
3608 
5385 
11625 
22814 
16950 
8758 
20616 
14863 
16819 
14602 
22383 
8563 
31873 
1532 
1991 
7451 
27828 
28702 
27759 
3135 
13625 
3325 
2507 
21117 
6340 
3017 
11359 
15391 
23818 
23478 
1436 
30621 
28209 
4513 
2809 
18530 
22148 
20727 
19270 
22227 
24172 
15315 
11837 
16782 
26779 
11878 
21083 
21487 
24203 
18844 
31982 
1497 
16679 
4348 
20590 
10419 
12744 
8145 
15632 
26032 
1890 
14727 
24473 
29012 
17408 
14679 
17008 
6196 
32365 
9511 
13560 
2301 
5172 
26539 
11548 
32695 
14283 
30161 
26412 
13899 
12044 
25436 
14311 
15939 
21988 
10958 
17625 
10194 
14671 
11404 
5863 
6676 
24196 
10557 
15144 
16534 
2668 
15219 
26102 
12825 
7513 
5261 
19525 
13459 
22261 
220 
10036 
631 
5753 
30468 
5602 
30006 
27423 
13989 
20867 
14598 
2265 
14907 
26547 
28130 
30019 
67 
28425 
22994 
214 
28576 
27120 
4204 
24671 
23356 
19378 
13211 
31408 
26866 
21462 
12703 
16022 
24492 
13228 
9301 
5387 
8392 
12838 
13753 
17324 
20673 
16873 
11689 
21357 
29451 
15780 
3308 
20363 
32062 
16033 
22898 
28866 
9591 
16794 
32733 
2241 
28667 
3533 
28225 
16859 
16414 
4690 
19496 
1791 
28772 
11693 
29658 
10218 
13797 
5024 
4315 
3483 
21238 
17731 
1972 
4871 
23813 
20310 
2806 
22031 
6597 
17109 
381 
5295 
14220 
7117 
8690 
27256 
25849 
2671 
26515 
576 
3033 
21090 
17463 
4120 
13131 
13406 
13196 
10110 
19747 
5623 
5028 
16852 
29325 
23478 
26288 
2321 
21491 
10606 
25099 
15031 
24608 
31949 
28282 
14085 
26277 
22066 
32178 
4205 
14715 
25534 
22810 
12104 
4587 
25262 
19923 
24009 
15531 
10984 
23030 
20527 
20810 
6355 
16156 
32063 
30925 
18796 
7716 
23282 
1947 
23703 
48 
21355 
28310 
12722 
28913 
1579 
18315 
21104 
3621 
10632 
204 
32741 
12381 
8283 
27675 
5597 
4356 
6138 
13514 
14450 
4509 
16998 
289 
32734 
2124 
197 
17152 
5773 
13720 
4626 
31685 
32119 
18287 
6675 
30576 
27308 
3434 
5259 
17158 
30256 
16979 
2226 
25139 
2314 
3813 
4322 
2098 
17048 
10706 
2707 
22514 
18469 
14603 
649 
28529 
12989 
22587 
12620 
17004 
3904 
26772 
7129 
2107 
9398 
3535 
11415 
16631 
29922 
31854 
22668 
5597 
11034 
32069 
9425 
6391 
27990 
19000 
8259 
10233 
17286 
10310 
9596 
30313 
2345 
25287 
30978 
770 
7451 
3057 
6077 
31835 
17326 
9889 
18863 
22724 
28413 
7513 
19679 
9584 
24957 
10884 
11414 
20698 
24277 
5634 
6350 
29793 
24304 
27616 
20968 
24885 
30544 
4199 
31901 
29815 
28325 
21849 
29239 
30364 
11934 
29815 
24833 
2579 
2047 
4934 
20732 
27943 
31988 
13331 
24787 
4902 
1444 
14389 
20241 
22723 
778 
22418 
9106 
22457 
21504 
12645 
3383 
7601 
16541 
23102 
18398 
19046 
12225 
2890 
7826 
22791 
23278 
22228 
24062 
6365 
29786 
1548 
19240 
6445 
29506 
1031 
29276 
3168 
31360 
31240 
25189 
26209 
3424 
254 
10244 
14919 
1712 
3149 
7578 
6964 
1558 
29137 
25384 
1148 
18343 
13088 
4729 
3338 
6580 
27664 
926 
27136 
25831 
2682 
13723 
1182 
31375 
13117 
12128 
10085 
7481 
30853 
27899 
1660 
30592 
17741 
11531 
10066 
29990 
8738 
12920 
27525 
12899 
14122 
20065 
17155 
30076 
12134 
18006 
18799 
26264 
24884 
27336 
21190 
31184 
24600 
29117 
11074 
16261 
23483 
27080 
3710 
3830 
28724 
22841 
6620 
16145 
19335 
23953 
15908 
24970 
19563 
24377 
29805 
13355 
32337 
11635 
14913 
15467 
5793 
5776 
6396 
16705 
22343 
20580 
15477 
5946 
31342 
17655 
23776 
29386 
2955 
6013 
32755 
13535 
20894 
30088 
21832 
26044 
11957 
2173 
12803 
20997 
6321 
6980 
28596 
32278 
3916 
18500 
12927 
25497 
13147 
17295 
23162 
11608 
25425 
5465 
9302 
25935 
261 
22703 
15682 
18694 
17589 
21094 
19980 
14366 
16714 
29777 
16777 
28969 
32221 
8375 
19000 
4287 
18555 
16899 
27426 
1742 
9765 
2750 
2052 
30257 
1051 
29115 
16560 
12932 
3675 
16017 
7089 
20535 
20324 
14926 
17454 
31458 
32063 
22634 
24337 
1496 
6080 
27642 
15207 
27391 
15370 
15654 
25098 
11231 
20817 
4829 
18558 
18680 
29412 
1224 
11034 
17241 
15210 
10620 
21096 
23662 
21867 
29939 
18382 
2074 
29971 
23357 
15725 
17669 
7987 
2931 
11593 
20280 
24969 
22253 
29610 
24807 
24641 
6324 
26819 
30093 
23739 
12602 
15762 
17215 
6543 
27209 
8199 
24121 
16335 
22330 
27240 
15038 
10636 
1383 
25076 
287 
13723 
4323 
18631 
26649 
2200 
29032 
18173 
2403 
24364 
5008 
28442 
25736 
21900 
4680 
25002 
1011 
18498 
9346 
21540 
30792 
12848 
4907 
32532 
7675 
11218 
19293 
14201 
24859 
28611 
24789 
14188 
29550 
2179 
5287 
23043 
10435 
2935 
13360 
20085 
28036 
1329 
25677 
1663 
2955 
31474 
11466 
25606 
12598 
9581 
22558 
27133 
28350 
18638 
31573 
29833 
7620 
19963 
14925 
15459 
26413 
282 
7205 
10623 
23344 
6483 
1011 
14571 
20397 
28119 
8629 
31225 
30913 
31777 
28555 
26272 
28567 
9084 
3875 
6944 
7041 
14789 
7028 
12517 
12615 
23922 
17071 
16558 
15551 
10451 
15474 
20462 
26781 
10904 
28735 
11634 
30861 
18324 
24622 
325 
10623 
27072 
11230 
5073 
27714 
8323 
16305 
4166 
11861 
5680 
1081 
17984 
9466 
32465 
8685 
11940 
20107 
25635 
11553 
14282 
7697 
29409 
20021 
7394 
1299 
11589 
14860 
19600 
20396 
9933 
3775 
8922 
1760 
11579 
26771 
31300 
19760 
735 
17193 
22585 
26988 
3608 
31477 
14509 
29641 
8729 
753 
15617 
22836 
17641 
8851 
16935 
10469 
5805 
20476 
8710 
24630 
15914 
31346 
9248 
10422 
32390 
22800 
24946 
15481 
23118 
4540 
8091 
25779 
26558 
19546 
26433 
18053 
14908 
1599 
22961 
29207 
1317 
14825 
2501 
26599 
23500 
12013 
23563 
2145 
12992 
1584 
12835 
8623 
1614 
22106 
25961 
4050 
19015 
27784 
21717 
8946 
1796 
1346 
2591 
16370 
18342 
4524 
14886 
28488 
15778 
23808 
9362 
19980 
15742 
9787 
5816 
5454 
30933 
535 
5567 
11181 
6561 
6458 
29697 
29989 
8890 
5805 
21940 
21801 
14745 
23183 
26826 
5874 
15714 
17675 
21525 
12310 
20258 
11655 
8623 
4444 
12116 
23070 
10393 
31183 
5291 
2897 
14754 
17 
24587 
28665 
5003 
17906 
20952 
5504 
25192 
2625 
9332 
10321 
20041 
3299 
12291 
6285 
23834 
31009 
31602 
30464 
11208 
19014 
24247 
7763 
17062 
24170 
6746 
31875 
2318 
11145 
2100 
4242 
7243 
19160 
18807 
28796 
3510 
20056 
5614 
27500 
19488 
5291 
4230 
7216 
15472 
3879 
17678 
32746 
17805 
11817 
13115 
25865 
21375 
26539 
2799 
18040 
5585 
3097 
32186 
26389 
32057 
23905 
18850 
16741 
15483 
7242 
24863 
8070 
20618 
6 
21610 
28517 
21488 
19466 
24567 
10033 
8561 
30749 
17472 
19983 
2539 
7855 
19141 
32015 
8577 
9581 
7249 
27742 
26616 
21522 
19582 
24766 
20577 
19840 
15995 
3380 
27641 
7951 
18189 
15616 
15437 
23077 
12244 
22994 
28834 
27655 
32720 
8763 
4755 
10222 
11556 
9314 
26108 
14174 
7193 
20728 
23 
25779 
3941 
14958 
23013 
29693 
28078 
21605 
25040 
32269 
74 
18278 
20622 
464 
3913 
11475 
17736 
8156 
32437 
18205 
27900 
13385 
20760 
2616 
14624 
17090 
13119 
2124 
27016 
26843 
30014 
5806 
28041 
19109 
5300 
16142 
24671 
11649 
15440 
20722 
9420 
13617 
23700 
10083 
25602 
30517 
16857 
30437 
29635 
22612 
19348 
14253 
26567 
26745 
10455 
15 
21086 
12480 
15899 
25398 
30806 
10193 
6204 
10263 
31775 
16493 
4293 
27815 
17453 
17990 
1902 
2380 
8350 
32020 
21731 
18578 
29725 
13797 
23239 
18208 
25606 
20148 
21753 
4074 
21450 
20542 
20502 
18600 
12182 
7697 
26943 
646 
18991 
27878 
15132 
797 
21025 
29488 
7200 
6562 
8728 
2037 
4623 
21597 
28814 
9181 
7870 
10845 
8870 
30857 
18971 
28011 
18008 
4645 
3436 
6204 
30671 
14145 
988 
19691 
13839 
31452 
1075 
6054 
27355 
13506 
2021 
18855 
10710 
21529 
846 
101 
27368 
16438 
4924 
11532 
17379 
15285 
9134 
12331 
25959 
32200 
29659 
23981 
24323 
30159 
7030 
32011 
28316 
27945 
30001 
6592 
24339 
31562 
4736 
14332 
14882 
14 
7327 
16796 
20871 
6221 
18134 
16218 
25445 
16560 
13820 
12865 
24039 
6851 
314 
8549 
1574 
2123 
12305 
12240 
1613 
4313 
22942 
20159 
9979 
17823 
18717 
24591 
14312 
6019 
19373 
23794 
27596 
21362 
2898 
21734 
11132 
14583 
6976 
22760 
9302 
24332 
6487 
9956 
5600 
23344 
2282 
10609 
8876 
24249 
19140 
8123 
10367 
15980 
22125 
448 
25521 
6219 
6313 
29888 
25047 
2990 
6978 
25582 
1952 
14229 
23047 
4460 
11773 
29501 
26901 
13174 
6789 
29937 
20565 
29150 
22295 
23331 
16454 
22456 
11457 
19387 
1021 
3414 
17888 
7599 
21610 
28279 
15241 
16596 
28892 
20667 
4648 
22516 
8391 
3674 
26983 
14624 
710 
10518 
25426 
18503 
19676 
6510 
1720 
24584 
25087 
7701 
8404 
15557 
24791 
8098 
27180 
7673 
4035 
31881 
29370 
4555 
18973 
20810 
6474 
7907 
21183 
4328 
4643 
16508 
12229 
413 
16617 
26810 
29589 
29132 
27074 
32062 
5917 
14647 
32184 
505 
18780 
23154 
1631 
26173 
22564 
22680 
29879 
10266 
5662 
5436 
22355 
16871 
25102 
19106 
15291 
5663 
13144 
30255 
16144 
19823 
20420 
18207 
4590 
23308 
3710 
25974 
29590 
6986 
19553 
9529 
26701 
16491 
30068 
31197 
12031 
436 
18357 
15872 
14888 
16583 
13078 
9047 
12277 
6444 
31430 
24296 
13734 
3633 
31665 
25977 
2614 
19188 
15434 
19528 
13374 
10430 
10632 
8700 
18199 
28562 
9518 
21468 
830 
1286 
18768 
29503 
22013 
32082 
1299 
28483 
31816 
17063 
30388 
5826 
19686 
18114 
9932 
30338 
28113 
29376 
2258 
26540 
30942 
18740 
25825 
25216 
21408 
28279 
3771 
26950 
16010 
2879 
3599 
8072 
24405 
15731 
7159 
24958 
19105 
2878 
6597 
28618 
20703 
3171 
25855 
870 
4718 
15824 
11432 
24026 
7940 
13173 
11201 
10674 
9296 
7254 
27920 
16175 
28638 
19679 
31776 
8509 
18490 
17272 
10121 
18085 
24920 
23386 
14449 
900 
28723 
8609 
17235 
9980 
8629 
162 
30208 
8489 
30935 
13694 
1763 
17750 
22537 
17400 
10632 
31857 
14804 
23683 
11360 
31677 
23742 
26783 
9150 
21447 
26222 
12646 
17958 
27547 
16912 
21602 
24007 
15415 
15867 
31394 
29510 
24640 
11409 
1549 
5565 
19444 
3175 
10486 
25604 
16736 
31655 
7152 
15151 
21715 
31410 
26083 
11863 
5522 
16905 
27231 
11166 
11981 
12141 
12849 
29293 
5330 
3653 
8756 
16128 
4737 
16193 
5226 
20261 
19200 
829 
1867 
9280 
944 
28008 
22365 
9875 
19039 
16549 
14085 
3516 
19391 
15409 
22685 
12927 
28182 
7046 
32454 
11718 
1080 
19840 
26368 
26854 
11443 
9919 
17016 
804 
12617 
4940 
12576 
12408 
31395 
2943 
29445 
30097 
27715 
20512 
17374 
25880 
15547 
12748 
5344 
16953 
7708 
26522 
6362 
11360 
19122 
14591 
22141 
14400 
18926 
32495 
13563 
6682 
420 
16453 
14037 
17724 
26487 
28005 
22253 
9416 
26257 
32544 
15331 
20918 
19863 
31960 
13726 
27164 
22747 
11748 
14633 
28077 
11476 
31285 
20161 
17280 
21708 
15930 
9772 
19732 
6617 
5634 
17740 
10896 
17934 
25505 
1267 
5199 
10226 
5332 
20473 
28059 
27185 
27624 
22668 
29881 
5010 
20439 
14280 
13351 
17193 
26549 
11143 
6433 
31950 
1354 
26235 
21353 
6606 
8961 
9850 
25160 
12768 
30977 
1304 
29392 
4186 
28057 
13947 
29541 
2468 
25825 
10859 
124 
17645 
13214 
17321 
3745 
19998 
14695 
6530 
30143 
1036 
26118 
30627 
16796 
14066 
11809 
4143 
27555 
2846 
13082 
5135 
25062 
29674 
8755 
9610 
32611 
23278 
3830 
22805 
22918 
18292 
19668 
14444 
1776 
6700 
3084 
31713 
17271 
12578 
15822 
28148 
5486 
2028 
928 
11557 
22566 
10280 
11778 
16390 
20404 
32294 
3661 
12180 
10741 
26081 
8161 
7111 
4304 
1076 
19583 
32360 
12731 
16458 
20468 
4131 
24193 
29015 
32504 
989 
11074 
5253 
30037 
3144 
11707 
7986 
28492 
24500 
16839 
16728 
21044 
11816 
30502 
11340 
10340 
15793 
3198 
12716 
5203 
8442 
7071 
20114 
32510 
15389 
23307 
30478 
1418 
3001 
6326 
13780 
27179 
25157 
21002 
29745 
3140 
4003 
3374 
32324 
11216 
9976 
22408 
5994 
31744 
22204 
3457 
13050 
18725 
1805 
20360 
9523 
13777 
12873 
18521 
24690 
21305 
11227 
10367 
4776 
6366 
18773 
31511 
14092 
32621 
8640 
14296 
28685 
17123 
22319 
13904 
15755 
4084 
7835 
26224 
25414 
8366 
31210 
29259 
5015 
3162 
22609 
11547 
12894 
20131 
4316 
29573 
17467 
18938 
27467 
24862 
24065 
18744 
11040 
32557 
10343 
17541 
20726 
20659 
19457 
28025 
1556 
24488 
22895 
18050 
26178 
12168 
469 
18822 
7132 
14606 
13195 
25033 
548 
21311 
28437 
15632 
16860 
11691 
26709 
14343 
7189 
16368 
18431 
27104 
22338 
21119 
8526 
4925 
656 
1187 
28661 
29776 
890 
29631 
12889 
20032 
8599 
26583 
29693 
5071 
1207 
10577 
23613 
3387 
22831 
25597 
5440 
29537 
3697 
15188 
7976 
17960 
25568 
29693 
25483 
25117 
14306 
22166 
7463 
6491 
19766 
12208 
26577 
21422 
31368 
4379 
3247 
31224 
30786 
14437 
24231 
12499 
16550 
16029 
15127 
9847 
13850 
30044 
711 
30687 
962 
5383 
7964 
28967 
27732 
8270 
26510 
11577 
31528 
8440 
31579 
22696 
19343 
8675 
25469 
7132 
23142 
2630 
4314 
28784 
5611 
15930 
2748 
26072 
8143 
10361 
24960 
6471 
30092 
4453 
14738 
25807 
29432 
26444 
665 
2507 
25370 
23530 
12014 
23162 
4925 
31535 
32595 
9964 
7236 
8003 
14050 
28962 
22077 
26056 
19267 
11377 
10809 
2655 
25890 
3111 
13914 
19053 
17632 
9585 
30765 
13855 
24457 
26748 
28986 
4779 
18439 
13531 
31194 
12761 
14485 
3369 
13897 
25283 
20598 
11759 
25084 
24536 
23014 
3015 
25909 
24103 
11345 
31938 
26836 
8667 
32451 
4360 
23664 
15361 
16032 
24254 
8870 
21906 
16021 
17709 
22449 
11181 
20942 
27424 
26171 
8484 
10089 
31885 
24179 
2362 
31275 
27512 
17248 
4011 
26738 
14357 
17013 
25069 
2155 
1069 
2405 
32182 
3205 
30146 
11833 
18622 
3110 
11510 
23967 
21958 
17564 
20777 
17285 
31449 
26198 
31074 
25062 
7378 
16980 
29680 
18916 
21534 
27612 
12625 
27416 
20163 
8815 
22098 
27942 
5025 
6139 
14712 
18324 
2808 
26450 
20383 
3036 
28715 
20187 
19425 
5567 
4292 
903 
30393 
5597 
31927 
12295 
104 
10883 
3051 
29757 
21144 
31428 
23798 
30960 
9536 
1995 
12585 
27587 
23239 
10351 
18892 
30568 
26476 
25352 
10922 
3089 
18405 
6529 
26065 
3111 
19270 
15279 
21651 
12607 
13349 
29665 
25040 
15690 
29948 
441 
18808 
19467 
3022 
14138 
29003 
22735 
16654 
19489 
16099 
19544 
19900 
31609 
3829 
10010 
11473 
8042 
12756 
7082 
7133 
16210 
4406 
11635 
3823 
17431 
25403 
10155 
7093 
18107 
3755 
133 
8164 
11568 
9343 
31912 
9946 
2414 
4772 
9953 
21123 
28356 
29691 
28692 
19321 
12651 
8612 
2937 
31855 
17505 
27004 
23300 
7375 
10612 
3556 
37 
20130 
10141 
29381 
25778 
21425 
15248 
7121 
20514 
7657 
30353 
24587 
23803 
16132 
16265 
30345 
25229 
31590 
10841 
16504 
9953 
1093 
22894 
29794 
27885 
7437 
7574 
3756 
13065 
12291 
18450 
11107 
13735 
5672 
25324 
11576 
2622 
5728 
17291 
21960 
26247 
24531 
11140 
13089 
26604 
916 
27571 
1666 
28478 
12673 
15755 
2147 
25766 
15466 
18090 
11701 
30686 
10613 
31408 
21099 
12448 
20160 
20306 
27961 
25439 
17737 
30378 
12444 
24118 
12811 
5073 
15642 
25118 
10858 
7600 
18635 
15459 
14289 
25619 
24600 
5209 
16026 
27391 
9155 
16715 
19502 
4166 
10280 
15540 
4205 
12120 
22978 
1201 
1616 
14172 
2800 
695 
4044 
26496 
3833 
19073 
2298 
9613 
1614 
17741 
5750 
8894 
16400 
7496 
13061 
17106 
21714 
32071 
16506 
31072 
24224 
30903 
8154 
4459 
29248 
12247 
5310 
4918 
15799 
1061 
30713 
15449 
28688 
28949 
32123 
15893 
20056 
23817 
4469 
13797 
6637 
30334 
4286 
5205 
11257 
29059 
24694 
26135 
27193 
14704 
10473 
13140 
30979 
27348 
14261 
26944 
20103 
10671 
19760 
497 
2901 
10210 
22788 
24177 
15391 
28643 
27164 
1810 
26816 
18357 
21956 
17921 
5246 
16408 
23051 
20510 
5004 
17405 
16236 
28683 
22995 
15420 
15790 
26499 
9971 
7049 
10249 
31470 
13188 
26277 
9354 
23346 
17313 
3281 
29369 
25035 
17063 
9352 
1400 
21278 
19514 
24685 
29742 
6922 
18057 
20611 
1829 
14273 
29139 
17308 
25393 
18134 
4395 
23828 
6291 
26775 
4216 
12990 
6428 
28060 
19391 
1823 
22934 
672 
23461 
29658 
8799 
20112 
2863 
6252 
21335 
14050 
23245 
8473 
7932 
15912 
13463 
14886 
212 
12517 
13782 
17225 
29452 
5279 
12742 
22366 
10078 
3381 
20890 
31835 
18232 
11379 
30145 
3974 
32538 
24548 
15464 
16870 
22847 
28903 
20800 
14583 
11137 
19205 
27265 
10146 
7287 
31874 
5935 
29547 
992 
9522 
17052 
14829 
10820 
18318 
4398 
19075 
11224 
12295 
31330 
26697 
675 
26267 
17425 
26691 
31711 
24229 
17138 
32731 
7330 
22777 
1121 
22417 
14781 
11312 
17758 
13806 
18148 
26433 
23257 
22201 
8464 
594 
28461 
17006 
22562 
4557 
14570 
14828 
15305 
12213 
3799 
2670 
12197 
3899 
32055 
23996 
2733 
28300 
16460 
23203 
1486 
23278 
18458 
10658 
32212 
31499 
10605 
12774 
3214 
21388 
8221 
8825 
15661 
14826 
1681 
7094 
24558 
27009 
26242 
3328 
16633 
28391 
1793 
6835 
18056 
23931 
7100 
8283 
14923 
833 
31101 
8996 
16908 
3821 
29683 
18578 
19343 
23613 
18613 
9586 
28604 
23180 
15236 
30993 
4351 
16805 
18384 
10411 
14576 
2261 
2942 
3878 
31023 
21572 
20201 
29952 
21394 
19588 
20007 
17543 
28035 
5227 
10125 
20040 
4771 
20766 
4981 
12745 
19124 
30831 
18750 
15995 
1717 
22889 
13717 
24810 
10574 
4904 
26099 
28727 
28271 
28143 
19815 
28616 
30261 
19060 
18070 
6462 
30477 
7038 
30464 
17063 
23323 
7602 
30597 
29941 
19677 
16810 
26151 
18096 
30475 
31816 
17681 
20199 
31682 
29002 
19161 
17516 
26338 
11294 
2050 
7489 
8117 
23287 
1477 
16973 
7633 
16416 
16912 
11091 
25919 
19857 
11472 
30501 
3548 
7872 
2668 
21525 
23040 
17593 
24465 
19629 
8286 
6257 
18997 
19616 
3371 
1879 
27606 
29183 
32387 
3629 
18691 
32432 
8 
22038 
16926 
32285 
10700 
10224 
2400 
29481 
26225 
10723 
14877 
8808 
25742 
6970 
30026 
19599 
14165 
626 
10044 
27945 
27251 
401 
23218 
20876 
3384 
17594 
15638 
7180 
30968 
16125 
14336 
1902 
22193 
10611 
17404 
32416 
10221 
30859 
22669 
23719 
22250 
15263 
7538 
26840 
4601 
6859 
16679 
25419 
30244 
26366 
6319 
13709 
19731 
28753 
27793 
7061 
25137 
5784 
5921 
22777 
13066 
18487 
22528 
20066 
32503 
25400 
230 
830 
31230 
11418 
24479 
30644 
9972 
20971 
2388 
21213 
7396 
10521 
27404 
16689 
15285 
8837 
17266 
5951 
5126 
8537 
27097 
3234 
1629 
11804 
1661 
9008 
23937 
14211 
8204 
3700 
26660 
21898 
8805 
12127 
21957 
17092 
17055 
30778 
23253 
32751 
25677 
19679 
24601 
21964 
25600 
13097 
16719 
10542 
27406 
26537 
24340 
21840 
12434 
10906 
2053 
107 
19380 
22807 
32037 
7816 
31531 
9868 
5503 
5779 
1536 
2667 
17676 
15794 
6548 
13856 
2774 
7381 
18660 
10054 
2654 
13453 
4364 
10779 
21563 
13089 
1802 
24625 
8709 
20703 
4805 
8039 
2417 
18096 
23374 
15640 
27325 
4847 
18533 
6546 
7759 
123 
15679 
32714 
9625 
9227 
28806 
11598 
25407 
17346 
1442 
5754 
7804 
23812 
19255 
15087 
21954 
15495 
17134 
7745 
9376 
23725 
22137 
14576 
16617 
32273 
24017 
30106 
21267 
11871 
23234 
3694 
11741 
12650 
3498 
24292 
10548 
120 
18302 
32171 
9304 
21472 
7437 
13027 
29499 
27352 
24457 
7821 
15146 
1416 
32323 
9024 
686 
17763 
13750 
26909 
30901 
26550 
12231 
3333 
14061 
3713 
31051 
20489 
881 
2951 
28874 
23329 
21927 
24993 
4738 
27425 
8808 
28759 
17839 
30954 
13154 
32177 
3850 
12765 
3515 
4683 
19600 
21654 
11255 
23464 
24196 
17878 
3868 
2248 
25015 
29120 
27412 
21757 
24327 
19785 
29266 
13562 
5158 
3050 
1209 
23085 
14749 
23959 
17849 
79 
27152 
18677 
23995 
14649 
3779 
30152 
27327 
11001 
30045 
31658 
25667 
29733 
29420 
2307 
30311 
10863 
14378 
30261 
6224 
10106 
15103 
6423 
25034 
6124 
22854 
27813 
25649 
197 
6356 
24822 
2705 
12015 
10422 
26478 
17676 
17685 
1979 
3892 
892 
23481 
29747 
17894 
17242 
26497 
2293 
4236 
13535 
22994 
11175 
20683 
15208 
12192 
12345 
27228 
19743 
25221 
21939 
23740 
30168 
28688 
49 
9508 
313 
27487 
21547 
31931 
4126 
19696 
5882 
18187 
7483 
29876 
30872 
17585 
13572 
4709 
10920 
24153 
25801 
26650 
26806 
7146 
9510 
6937 
21951 
7166 
17306 
1772 
21236 
8085 
3958 
18103 
13243 
32266 
19961 
26824 
29431 
5446 
14777 
112 
19849 
2611 
4420 
2577 
26135 
28019 
30984 
21881 
22027 
6227 
13424 
27246 
20447 
22010 
31312 
7050 
13977 
11495 
26755 
15178 
20113 
23706 
23251 
10081 
27514 
25488 
10520 
7762 
16288 
8565 
4260 
4925 
12399 
27030 
19679 
29689 
21557 
6549 
9007 
5476 
32041 
2144 
26139 
14839 
30123 
24931 
13231 
26270 
20941 
16381 
29474 
31174 
31251 
7985 
21942 
14519 
21367 
29087 
24288 
18212 
10416 
30130 
14249 
15616 
14516 
6682 
20820 
20116 
3708 
1661 
6977 
15055 
1543 
7273 
20497 
29661 
8865 
1166 
7691 
13819 
6757 
7210 
11966 
137 
15105 
22212 
20968 
9568 
3001 
26653 
20375 
25191 
20655 
19044 
9614 
14689 
21345 
29865 
13290 
31241 
5235 
21908 
7430 
12897 
19119 
26199 
23707 
31047 
21322 
27105 
23084 
18249 
30568 
11348 
31393 
20922 
10979 
22202 
30002 
7173 
10312 
10996 
28550 
13122 
3619 
15346 
9500 
18439 
24957 
30250 
7659 
6785 
6562 
3138 
14405 
27843 
6440 
7184 
2561 
28509 
14380 
8133 
23769 
23601 
17375 
32613 
18961 
13186 
5954 
22139 
14682 
20302 
12589 
16906 
18165 
16606 
27542 
19142 
21787 
11419 
14352 
16260 
19613 
6179 
1426 
5104 
20680 
24220 
13178 
6014 
27275 
16201 
13777 
6307 
28380 
14938 
20177 
18500 
9303 
12297 
420 
29039 
27688 
30178 
8815 
22857 
29228 
22114 
10127 
23367 
10323 
11972 
8227 
5537 
4425 
7960 
29642 
14852 
7765 
149 
20398 
22152 
9345 
5680 
25793 
10977 
11515 
11118 
23366 
24025 
9403 
5494 
8084 
9982 
12134 
19050 
27670 
16535 
8562 
759 
13463 
13789 
25996 
6699 
22204 
24936 
20790 
8071 
13266 
12264 
11445 
20310 
6090 
31509 
29226 
25917 
4482 
4329 
2047 
32018 
8263 
15116 
31364 
30193 
23191 
23184 
30938 
2957 
29227 
27614 
6417 
6597 
14645 
1776 
10125 
15992 
3302 
12225 
1454 
19865 
18739 
2818 
23472 
19334 
10713 
19215 
8655 
24981 
15518 
26913 
17583 
240 
18650 
32453 
26876 
10148 
20535 
21389 
4685 
31732 
3253 
29445 
12623 
12787 
4081 
24296 
23839 
28498 
26534 
12692 
15351 
8566 
27508 
17596 
24333 
31181 
6112 
12381 
5560 
1123 
6813 
13811 
31701 
3248 
29706 
27628 
18281 
17589 
20987 
15709 
6536 
25159 
1980 
4596 
22133 
9898 
18259 
12846 
18698 
1121 
6 
15305 
5466 
22341 
1565 
14973 
16022 
25301 
26601 
14567 
17453 
2765 
5125 
24006 
6711 
31226 
13532 
26985 
276 
11084 
25963 
10088 
80 
2349 
9033 
10387 
2250 
5905 
8676 
22824 
534 
22862 
25357 
18249 
18207 
28463 
14519 
11692 
22033 
4931 
5115 
5781 
14198 
30203 
17760 
11009 
24735 
9844 
4698 
548 
5445 
32146 
17424 
1302 
3184 
16206 
4962 
15050 
23704 
26193 
5675 
4159 
29450 
19905 
4547 
28922 
6798 
11611 
22217 
17331 
21831 
7106 
2591 
8015 
3546 
2838 
32565 
19470 
25555 
29641 
1931 
25862 
5956 
8622 
23409 
11728 
22446 
22355 
18 
28801 
31269 
15249 
20144 
30683 
23216 
17761 
305 
31173 
27887 
6641 
26587 
1529 
16384 
4344 
11356 
19709 
31138 
21318 
17933 
21332 
3227 
18335 
887 
25845 
11864 
16841 
19735 
23804 
20436 
10212 
1374 
5536 
7611 
506 
10748 
5221 
19406 
10199 
6750 
18066 
12169 
283 
10101 
25062 
28163 
2957 
20666 
15751 
16663 
7090 
21103 
14139 
6081 
2975 
26919 
30938 
5578 
19467 
28296 
12804 
13992 
2984 
13136 
6671 
6048 
26804 
14998 
20035 
11565 
24778 
14931 
24650 
26533 
29439 
1312 
10466 
2842 
10282 
16705 
13013 
15998 
30083 
4323 
21035 
5643 
11632 
4002 
15262 
7394 
29339 
18766 
12366 
8691 
24904 
3567 
4534 
19484 
25318 
18182 
29151 
14741 
24547 
12822 
29651 
11915 
17349 
9315 
4181 
5899 
1911 
15354 
4815 
24610 
13792 
8689 
25228 
27715 
7866 
16880 
27687 
9960 
11170 
6897 
16196 
31612 
2923 
3395 
13437 
13177 
10168 
18901 
12192 
32718 
6346 
18097 
21015 
12675 
2966 
23751 
12711 
26015 
19995 
29420 
26462 
10314 
30194 
23074 
2758 
21295 
21799 
16154 
27999 
11044 
12615 
21751 
10828 
269 
28858 
7509 
24141 
23037 
12883 
29066 
7149 
25247 
806 
12587 
28669 
12757 
9882 
14803 
2624 
7838 
9407 
3103 
24168 
11581 
4833 
16893 
20801 
22424 
19037 
14887 
17965 
13534 
435 
7402 
8400 
17516 
31709 
7724 
3852 
24562 
16863 
8365 
12080 
6353 
6816 
7821 
26220 
1224 
13560 
31503 
31625 
15824 
14346 
8604 
18902 
6468 
11732 
5643 
8294 
23109 
31748 
23071 
8568 
25437 
24333 
19537 
13879 
11106 
7035 
25552 
27300 
31134 
22915 
28103 
17872 
11564 
24287 
12254 
29262 
5029 
6873 
5123 
19176 
4861 
14501 
16746 
8081 
10919 
11251 
18130 
18075 
4096 
27589 
14859 
20010 
27114 
20350 
28853 
25065 
28599 
16956 
13898 
14587 
28490 
16488 
9055 
8245 
32376 
21388 
31270 
29834 
23476 
100 
11320 
8646 
16876 
23351 
28049 
31104 
13230 
13927 
30940 
30281 
399 
8008 
26866 
16170 
4045 
7470 
19357 
32590 
7987 
26314 
20897 
26107 
7485 
438 
16381 
25287 
16253 
78 
1646 
29192 
28221 
20930 
7989 
3468 
16998 
22633 
7194 
5514 
6817 
14936 
1201 
17881 
3003 
8244 
27100 
2912 
12366 
22084 
21137 
19918 
7070 
970 
26077 
395 
29633 
27796 
30249 
5614 
30467 
28878 
20925 
5040 
28808 
16154 
31874 
32672 
24627 
27875 
14092 
21913 
22983 
26861 
30423 
12209 
24396 
31793 
13265 
28084 
15029 
19689 
12057 
28881 
6847 
6119 
5895 
16274 
30492 
5162 
11372 
9746 
32721 
13491 
19739 
9834 
7133 
15509 
1960 
19820 
15131 
22860 
7279 
16276 
32617 
14159 
4056 
4667 
266 
17641 
12762 
17678 
12873 
5956 
16062 
28607 
9823 
9671 
32038 
30714 
16279 
20385 
32077 
25499 
2224 
24486 
23952 
6942 
15747 
603 
14382 
12374 
18150 
25164 
7756 
32098 
11727 
24230 
17468 
12254 
18877 
4097 
17150 
5206 
11859 
3966 
4871 
13824 
7238 
13330 
9282 
9898 
31098 
14881 
14165 
753 
5224 
2383 
23589 
1716 
14019 
3219 
14748 
17864 
19291 
20621 
682 
23789 
6977 
23577 
15497 
12033 
26156 
30500 
14918 
628 
23067 
21438 
29053 
4860 
11836 
19825 
3172 
27530 
25869 
13009 
23818 
7292 
31169 
19797 
5601 
8724 
31973 
7013 
27515 
3881 
25667 
28852 
913 
20508 
4615 
28880 
21833 
6670 
22304 
6136 
24248 
23120 
29929 
17965 
21414 
14875 
25097 
139 
10642 
2690 
22168 
23770 
9462 
11428 
25475 
19297 
19405 
18982 
6449 
13050 
24913 
29153 
358 
4972 
20233 
27863 
28776 
8692 
7939 
24428 
29025 
5157 
27487 
2771 
20997 
3315 
26381 
17094 
4468 
24586 
25558 
27514 
13922 
8036 
31137 
5074 
20597 
10010 
13039 
32723 
10478 
7034 
25257 
14168 
26252 
3419 
1819 
27910 
10413 
14509 
24128 
20867 
23991 
4436 
3904 
9955 
22710 
4663 
3383 
10339 
27207 
659 
5944 
6746 
180 
9622 
31122 
5740 
4960 
2089 
29777 
26625 
23910 
24845 
27400 
3317 
11133 
14121 
16846 
11922 
16671 
16930 
2951 
9915 
6378 
14637 
28005 
25961 
1094 
1057 
23470 
19036 
28232 
721 
5055 
18186 
17878 
24216 
30545 
23772 
21260 
6709 
11515 
19353 
31711 
21465 
10744 
1058 
15360 
28031 
2347 
13153 
21507 
3964 
21344 
31100 
29633 
14679 
7381 
8526 
25595 
21722 
7161 
27671 
29504 
32617 
7539 
17778 
10768 
32147 
31078 
29576 
2625 
3303 
28147 
6020 
23970 
2057 
768 
4679 
22495 
4357 
23352 
8540 
4004 
13794 
5715 
18478 
4869 
17275 
10392 
22904 
6942 
14986 
19360 
13566 
8950 
6918 
27740 
3451 
26026 
31151 
14938 
19162 
1991 
5095 
15427 
23720 
28663 
21955 
3497 
4298 
4832 
1634 
10751 
17003 
13897 
3709 
26857 
30009 
28542 
3392 
4023 
12497 
24822 
12120 
7211 
12407 
31540 
31822 
11395 
15115 
17643 
3603 
10419 
14136 
28261 
26332 
4339 
20463 
13349 
22831 
5497 
15636 
21708 
13886 
23432 
1143 
7737 
13941 
5033 
18181 
22004 
20559 
17721 
28224 
205 
29037 
29475 
19948 
19904 
19945 
32239 
3595 
10268 
14824 
26364 
28940 
13541 
16750 
22793 
19008 
16246 
29303 
6650 
14477 
22890 
3395 
18905 
31078 
12733 
3825 
4892 
26618 
26415 
19023 
12326 
31916 
23017 
753 
27152 
24772 
16483 
16000 
29864 
27236 
901 
16469 
19386 
5309 
9741 
25414 
30095 
18562 
15152 
17856 
20148 
2205 
12420 
31767 
17148 
22306 
28445 
15641 
6088 
26241 
6134 
15593 
11142 
27391 
24467 
10763 
20088 
8295 
19685 
187 
6327 
22524 
24430 
10371 
24951 
8883 
24742 
4108 
15244 
27551 
25756 
15157 
6958 
5805 
15840 
30562 
2297 
30609 
26785 
10774 
1591 
13568 
12563 
28101 
1634 
27680 
6419 
28899 
8677 
10301 
16654 
19265 
26147 
701 
22559 
15769 
26298 
32598 
22391 
3944 
29705 
30846 
3330 
32507 
6896 
12323 
14664 
30669 
20950 
22685 
17553 
784 
30449 
10721 
20300 
9866 
961 
22263 
8625 
9634 
6622 
30638 
16038 
22715 
19700 
14990 
7647 
3776 
19980 
29454 
20810 
11520 
23565 
22535 
6570 
317 
7554 
1641 
11905 
31231 
18333 
7213 
15668 
14638 
13948 
32650 
25450 
13536 
23212 
9836 
10421 
23152 
8172 
29218 
15220 
26576 
12595 
29526 
29944 
28448 
15860 
10819 
26853 
14463 
9376 
5922 
987 
30241 
9837 
12005 
32086 
32417 
2134 
2088 
8403 
409 
17762 
21605 
12853 
27249 
13866 
31079 
29030 
25972 
20885 
24321 
321 
15145 
27367 
17663 
13744 
30176 
4346 
13661 
3345 
1419 
29386 
26295 
22751 
21967 
27960 
8961 
22926 
2651 
9735 
1656 
20918 
21881 
22571 
10968 
21620 
7394 
13635 
4816 
21262 
24791 
100 
27059 
11733 
6509 
17944 
27504 
19536 
32297 
21926 
2244 
150 
27596 
24468 
7086 
14844 
23664 
23915 
16420 
19184 
9684 
9914 
9476 
17957 
29173 
22365 
26957 
14065 
9694 
27391 
22927 
14579 
10944 
12766 
8608 
13048 
19781 
718 
18065 
14623 
10018 
20097 
31968 
23100 
18156 
30725 
12015 
23675 
2604 
5774 
18357 
11590 
23989 
1142 
5556 
2152 
22581 
24450 
23083 
6770 
25355 
24167 
22668 
8797 
25944 
8077 
31280 
22130 
9561 
21778 
23114 
4199 
21492 
29202 
19994 
1227 
30352 
15654 
15715 
2468 
9002 
27690 
24350 
12374 
17061 
11588 
11888 
14022 
19810 
16673 
11226 
5056 
13841 
2690 
16048 
8854 
30407 
14072 
19148 
12810 
29776 
25835 
20099 
31342 
11206 
27361 
7384 
16138 
24162 
9213 
2032 
7870 
12179 
26054 
4038 
22505 
26957 
811 
26912 
905 
23204 
195 
28866 
2979 
1177 
24153 
24289 
24805 
2356 
6567 
20186 
13194 
4307 
20066 
28452 
13182 
6593 
6007 
28035 
7106 
26122 
5525 
29567 
3347 
31630 
16107 
18197 
31686 
27221 
23603 
25516 
13559 
19746 
22255 
8011 
16098 
14411 
15602 
12296 
6289 
2759 
7459 
9668 
7352 
21897 
8574 
11285 
3037 
19724 
2651 
10372 
443 
31024 
28403 
2297 
23017 
5956 
26400 
22131 
18359 
25188 
612 
24572 
9561 
13829 
12333 
4573 
15943 
16078 
32087 
19726 
6371 
11690 
19187 
21232 
860 
8475 
25159 
6462 
26579 
14545 
2581 
6721 
11197 
1915 
289 
30020 
7817 
22237 
493 
29512 
15234 
29218 
13255 
17401 
17142 
27252 
11525 
1760 
28312 
2507 
27280 
29913 
17699 
26626 
24735 
15816 
20800 
22064 
2245 
28296 
16298 
5173 
4398 
29476 
10384 
1171 
4390 
2378 
2107 
21120 
26330 
14076 
10992 
15929 
8803 
6537 
4120 
920 
8704 
8380 
2206 
3817 
17315 
2643 
5273 
29690 
20400 
12722 
17451 
23409 
257 
2009 
8104 
23138 
20013 
18324 
23291 
26657 
22538 
14833 
22598 
26197 
8560 
7927 
15817 
28494 
29760 
3733 
8965 
24217 
6053 
26073 
6433 
18385 
15258 
5219 
4748 
20407 
15789 
24088 
28132 
7045 
11010 
25883 
10263 
19072 
9114 
4089 
31176 
11725 
725 
8227 
25588 
12933 
28982 
3234 
28629 
12812 
17255 
29958 
9734 
7326 
19069 
16543 
233 
12842 
31100 
15856 
24134 
15716 
1054 
22113 
13364 
1302 
23248 
10804 
3389 
26550 
10238 
10426 
4029 
21822 
12944 
30919 
5259 
6968 
18869 
17763 
4315 
14104 
7647 
17090 
22371 
8911 
11023 
32631 
29885 
20381 
6226 
21988 
11021 
17191 
12427 
4597 
20707 
2761 
22644 
7950 
5987 
31021 
9696 
21057 
31651 
25117 
31811 
9413 
26452 
18581 
21107 
29347 
17573 
13085 
1456 
4531 
2404 
6741 
24035 
21703 
32102 
9682 
10019 
20262 
16426 
11048 
1149 
27708 
20921 
9032 
24565 
12175 
8912 
2573 
7112 
12533 
28737 
23569 
26868 
10501 
28055 
9925 
26362 
8651 
761 
24257 
28899 
8128 
8785 
28760 
15233 
22264 
30637 
15984 
10487 
16542 
30949 
912 
30076 
9374 
6270 
18747 
8539 
27553 
8142 
27005 
15422 
19774 
29793 
20163 
30125 
11886 
19612 
26096 
5842 
17473 
6048 
30380 
18815 
20176 
7281 
22015 
20594 
115 
5208 
10016 
5335 
25908 
17541 
7815 
11534 
24195 
23289 
31561 
16559 
1835 
4771 
10917 
28107 
4996 
25289 
18906 
4981 
490 
15786 
31292 
9601 
12143 
8802 
15239 
28044 
9421 
1549 
16499 
23869 
12191 
22575 
29065 
21961 
7120 
9812 
4660 
2237 
8531 
8947 
15387 
22008 
23060 
5016 
9390 
19190 
21551 
27202 
24831 
10069 
5217 
3594 
7124 
2705 
7355 
5894 
29178 
12051 
19358 
365 
26844 
22122 
9955 
7164 
13140 
19160 
26458 
13720 
14528 
6672 
22646 
20020 
4697 
27966 
24646 
20213 
29376 
8776 
17319 
3476 
11226 
2643 
31417 
7941 
18142 
29066 
10639 
15702 
25260 
21530 
4395 
17625 
19553 
25729 
3241 
3205 
1576 
18185 
28346 
7578 
12371 
9871 
21332 
3716 
2218 
1673 
14760 
1282 
29698 
30280 
31317 
9095 
17938 
2426 
28123 
26081 
15235 
14834 
22354 
12568 
23110 
5804 
26460 
6809 
11306 
25611 
27480 
10899 
1966 
4454 
31960 
7586 
23315 
10179 
17749 
27051 
11702 
5602 
10786 
2567 
19357 
32126 
29855 
22243 
20304 
26063 
19119 
27622 
32234 
30547 
2924 
25109 
10607 
9422 
25625 
24820 
3424 
26000 
12631 
19182 
22925 
25846 
156 
2295 
24363 
19251 
17890 
14704 
5158 
848 
6556 
17995 
24761 
8818 
4846 
9839 
27451 
21596 
4637 
20062 
22076 
28980 
3909 
5141 
9424 
8330 
16714 
2612 
14635 
11670 
12560 
5726 
8558 
28865 
3311 
18147 
9921 
29288 
20577 
11164 
21154 
10972 
5118 
13847 
24188 
941 
6571 
25844 
16764 
32296 
26894 
16015 
20640 
8990 
4165 
24288 
9489 
8167 
23767 
7327 
15538 
13479 
8426 
2475 
2297 
22480 
22711 
21164 
24574 
13032 
17468 
16887 
977 
23693 
18736 
27059 
13329 
29622 
12604 
14650 
32186 
59 
6248 
450 
15679 
15512 
8148 
11837 
1753 
11502 
14504 
12926 
26910 
10058 
6989 
30108 
15829 
12586 
16094 
15259 
32009 
22077 
25817 
21065 
18012 
23659 
3355 
1383 
5278 
30997 
26123 
7689 
20382 
27550 
3349 
28992 
12352 
8490 
13146 
16885 
10960 
17829 
31397 
31256 
21398 
26120 
7841 
32507 
29099 
2007 
15946 
9464 
13323 
23022 
22946 
1626 
15594 
25214 
22437 
16763 
30540 
20051 
10366 
25129 
27344 
17752 
22523 
31310 
460 
26716 
9279 
11728 
30111 
23574 
27831 
13751 
21827 
1383 
3407 
7822 
23074 
23264 
31205 
17931 
32555 
28548 
11773 
23538 
3620 
6863 
17591 
27190 
5954 
25079 
19711 
10337 
1783 
1649 
11780 
7735 
19979 
23991 
12267 
22934 
20462 
22089 
31940 
15265 
2893 
19953 
11709 
8478 
12515 
7500 
14485 
27163 
7314 
31878 
20820 
9432 
25778 
9573 
5178 
24545 
29609 
22153 
3061 
26491 
24507 
7154 
26647 
29249 
29988 
194 
30662 
271 
9828 
3652 
15541 
30239 
22235 
15406 
10836 
10098 
13205 
13859 
25924 
28786 
3687 
6780 
5902 
1749 
28475 
5704 
10772 
5828 
20392 
657 
456 
27197 
13510 
26338 
795 
8118 
6976 
1285 
313 
13315 
27050 
21009 
25203 
25465 
23829 
165 
4476 
9812 
9185 
110 
3801 
19542 
6867 
5871 
13971 
31665 
24679 
30081 
3631 
5927 
12904 
28824 
11999 
20336 
18877 
15433 
8186 
25564 
10374 
21001 
13738 
22073 
3688 
25528 
18405 
5623 
1828 
32734 
21918 
26250 
18287 
19252 
26684 
1296 
19454 
29542 
19275 
20788 
28384 
16151 
27761 
32082 
26384 
24357 
30628 
2524 
26187 
25903 
923 
4092 
18719 
853 
25218 
8058 
3397 
31039 
27378 
13281 
560 
21089 
19744 
1245 
26598 
22909 
18517 
13800 
28687 
25961 
21662 
10533 
21835 
25362 
5316 
31116 
31945 
16577 
9342 
24648 
22038 
7837 
5862 
2397 
27954 
26738 
14634 
7054 
25321 
15536 
28036 
30590 
16224 
17591 
12908 
29205 
21231 
25169 
10764 
3621 
6446 
22144 
13812 
31054 
21075 
17787 
31503 
20511 
18107 
15347 
25045 
28029 
26822 
6554 
26307 
18761 
18664 
1254 
20232 
10813 
4093 
19474 
5506 
12055 
29661 
22375 
9192 
29434 
23089 
4281 
11337 
20753 
7557 
25652 
14005 
2933 
10398 
15961 
14138 
22865 
23565 
11075 
16402 
8260 
29188 
31535 
9242 
23814 
21609 
4155 
7558 
32591 
6441 
14702 
19667 
15604 
6351 
16121 
9214 
8275 
21333 
956 
4596 
22002 
5945 
24588 
585 
32099 
7892 
6580 
1324 
363 
6120 
7481 
13211 
15203 
18808 
23651 
9171 
26077 
19420 
30200 
523 
8843 
1812 
2763 
8545 
5981 
27485 
25589 
6421 
26346 
6146 
20067 
16885 
2065 
25717 
20369 
10264 
16608 
32670 
6036 
17615 
18612 
6515 
21598 
5337 
21922 
19145 
19006 
24278 
6422 
12137 
21926 
15870 
28602 
26215 
14897 
17683 
18586 
27823 
25316 
19860 
1925 
1505 
30645 
18228 
26294 
10079 
27721 
7051 
7092 
6564 
27650 
31242 
17270 
17367 
18233 
8244 
22987 
21919 
17864 
29195 
16377 
17210 
716 
30409 
5796 
18377 
13737 
3537 
28402 
25070 
3150 
28645 
5869 
32409 
31418 
20633 
1321 
17951 
9150 
13320 
10150 
16269 
16133 
19653 
6647 
15931 
8275 
30229 
1700 
19876 
17418 
7771 
14286 
3956 
1266 
13779 
6929 
16355 
24377 
30083 
15535 
21570 
25785 
4719 
32234 
26579 
18042 
12557 
2737 
27358 
6008 
11512 
21119 
18433 
11430 
2280 
2177 
29640 
15922 
6882 
28407 
6782 
11787 
18604 
29148 
24642 
6049 
26756 
21705 
26461 
3308 
6673 
30743 
4306 
9391 
11162 
31044 
11063 
15870 
24438 
12951 
964 
7422 
9668 
24071 
3498 
17644 
7772 
24410 
5029 
13152 
30469 
31114 
10197 
24787 
31208 
29548 
17866 
10847 
24644 
28563 
23262 
2247 
15716 
31603 
10439 
14519 
5582 
6594 
13932 
14413 
30398 
19492 
17144 
15831 
8658 
24582 
28461 
3039 
8455 
714 
4348 
18021 
